00 00 2B 1C FF FF FF FD 00 00 00 0C 00 00 02 E5 00 00 02 E6 00 00 1F 6C 00 00 00 00 00 00 11 EC
00 00 12 98 00 00 12 98 00 00 12 98 00 00 12 98 00 00 12 98 00 00 12 98 00 00 12 98 00 00 12 98
00 00 12 98 00 00 12 98 00 00 12 98 00 00 12 98 00 00 12 98 00 00 12 98 00 00 12 98 00 00 12 98
00 00 12 98 00 00 12 98 00 00 12 98 00 00 12 98 00 00 12 98 00 00 12 98 00 00 12 98 00 00 12 98
00 00 12 98 00 00 12 98 00 00 12 98 00 00 12 98 00 00 12 98 00 00 12 98 00 00 12 98 00 00 12 98
00 00 12 98 00 00 12 98 00 00 12 98 00 00 12 98 00 00 12 98 00 00 12 98 00 00 12 98 00 00 12 98
00 00 12 98 00 00 12 98 00 00 12 98 00 00 12 98 00 00 12 98 00 00 12 98 00 00 12 98 00 00 12 98
00 00 12 98 00 00 12 98 00 00 12 98 00 00 12 98 00 00 12 98 00 00 12 98 00 00 12 98 00 00 12 98
00 00 12 98 00 00 12 98 00 00 12 98 00 00 12 98 00 00 12 98 00 00 12 98 00 00 12 98 00 00 12 98
00 00 12 98 00 00 12 98 00 00 12 98 00 00 12 98 00 00 12 98 00 00 12 98 00 00 12 98 00 00 12 98
00 00 12 98 00 00 12 98 00 00 12 98 00 00 12 98 00 00 12 98 00 00 12 98 00 00 12 98 00 00 12 98
00 00 12 98 00 00 12 98 00 00 12 98 00 00 12 98 00 00 12 98 00 00 12 98 00 00 12 98 00 00 12 98
00 00 12 98 00 00 12 98 00 00 12 98 00 00 12 98 00 00 12 98 00 00 12 98 00 00 12 98 00 00 12 98
00 00 12 98 00 00 12 98 00 00 12 98 00 00 12 98 00 00 12 98 00 00 12 98 00 00 12 98 00 00 12 98
00 00 12 98 00 00 12 98 00 00 12 98 00 00 12 98 00 00 12 98 00 00 12 98 00 00 12 98 00 00 12 98
00 00 12 98 00 00 12 98 00 00 12 98 00 00 12 98 00 00 12 98 00 00 12 98 00 00 12 98 00 00 12 98
00 00 12 98 00 00 12 98 00 00 12 98 00 00 12 98 00 00 12 98 00 00 12 98 00 00 12 98 00 00 12 98
00 00 12 98 00 00 12 98 00 00 12 98 00 00 12 98 00 00 12 98 00 00 12 98 00 00 12 98 00 00 12 98
00 00 12 98 00 00 12 98 00 00 12 98 00 00 12 98 00 00 12 98 00 00 12 98 00 00 12 98 00 00 12 98
00 00 12 98 00 00 12 98 00 00 12 98 00 00 12 98 00 00 12 98 00 00 12 98 00 00 12 98 00 00 12 98
00 00 12 98 00 00 12 98 00 00 12 98 00 00 12 98 00 00 12 98 00 00 12 98 00 00 12 98 00 00 12 98
00 00 12 98 00 00 12 98 00 00 12 98 00 00 12 98 00 00 12 98 00 00 12 98 00 00 12 98 00 00 12 98
00 00 12 98 00 00 12 98 00 00 12 98 00 00 12 98 00 00 12 98 00 00 12 98 00 00 12 98 00 00 12 98
00 00 12 98 00 00 12 98 00 00 12 98 00 00 12 98 00 00 12 98 00 00 12 98 00 00 12 98 00 00 12 98
00 00 12 98 00 00 12 98 00 00 12 98 00 00 12 98 00 00 12 98 00 00 12 98 00 00 12 98 00 00 12 98
00 00 12 98 00 00 12 98 00 00 12 98 00 00 12 98 00 00 12 98 00 00 12 98 00 00 12 98 00 00 12 98
00 00 12 98 00 00 12 98 00 00 12 98 00 00 12 98 00 00 12 98 00 00 12 98 00 00 12 98 00 00 12 98
00 00 12 98 00 00 12 98 00 00 12 98 00 00 12 98 00 00 12 98 00 00 12 98 00 00 12 98 00 00 12 98
00 00 12 98 00 00 12 98 00 00 12 98 00 00 12 98 00 00 12 98 00 00 12 98 00 00 12 98 00 00 12 98
00 00 12 98 00 00 12 98 00 00 12 98 00 00 12 98 00 00 12 98 00 00 12 98 00 00 12 98 00 00 12 98
00 00 12 98 00 00 12 98 00 00 12 98 00 00 12 98 00 00 12 98 00 00 12 98 00 00 12 98 00 00 12 98
00 00 12 98 00 00 12 98 00 00 12 98 00 00 12 98 00 00 12 98 00 00 12 98 00 00 12 98 00 00 12 98
00 00 12 98 00 00 12 98 00 00 12 98 00 00 12 98 00 00 12 98 00 00 12 98 00 00 12 98 00 00 12 98
00 00 12 98 00 00 12 98 00 00 12 98 00 00 12 98 00 00 12 98 00 00 12 98 00 00 12 98 00 00 12 98
00 00 12 98 00 00 12 98 00 00 12 98 00 00 12 98 00 00 12 98 00 00 12 98 00 00 12 98 00 00 12 98
00 00 12 98 00 00 12 98 00 00 12 98 00 00 12 98 00 00 12 98 00 00 12 98 00 00 12 98 00 00 12 98
00 00 12 98 00 00 12 98 00 00 12 98 00 00 12 98 00 00 12 98 00 00 12 98 00 00 12 98 00 00 12 98
00 00 12 98 00 00 12 98 00 00 12 98 00 00 12 98 00 00 12 98 00 00 12 98 00 00 12 98 00 00 12 98
00 00 12 98 00 00 12 98 00 00 12 98 00 00 12 98 00 00 12 98 00 00 12 98 00 00 12 98 00 00 12 98
00 00 12 98 00 00 12 98 00 00 12 98 00 00 12 98 00 00 12 98 00 00 12 98 00 00 12 98 00 00 12 98
00 00 12 98 00 00 12 98 00 00 12 98 00 00 12 98 00 00 12 98 00 00 12 98 00 00 12 98 00 00 12 98
00 00 12 98 00 00 12 98 00 00 12 98 00 00 12 98 00 00 12 98 00 00 12 98 00 00 12 98 00 00 12 98
00 00 12 98 00 00 12 98 00 00 12 98 00 00 12 98 00 00 12 98 00 00 12 98 00 00 12 98 00 00 12 98
00 00 12 98 00 00 12 98 00 00 12 98 00 00 12 98 00 00 12 98 00 00 12 98 00 00 12 98 00 00 12 98
00 00 12 98 00 00 12 98 00 00 12 98 00 00 12 98 00 00 12 98 00 00 12 98 00 00 12 98 00 00 12 98
00 00 12 98 00 00 12 98 00 00 12 98 00 00 12 98 00 00 12 98 00 00 12 98 00 00 12 98 00 00 12 98
00 00 12 98 00 00 12 98 00 00 12 98 00 00 12 98 00 00 12 98 00 00 12 98 00 00 12 98 00 00 12 98
00 00 12 98 00 00 12 98 00 00 12 98 00 00 12 98 00 00 12 98 00 00 12 98 00 00 12 98 00 00 12 98
00 00 12 98 00 00 12 98 00 00 12 98 00 00 12 98 00 00 12 98 00 00 12 98 00 00 12 98 00 00 12 98
00 00 12 98 00 00 12 98 00 00 12 98 00 00 12 98 00 00 12 98 00 00 12 98 00 00 12 C8 00 00 12 C8
00 00 12 C8 00 00 12 C8 00 00 12 C8 00 00 12 C8 00 00 12 C8 00 00 12 C8 00 00 12 C8 00 00 12 C8
00 00 12 C8 00 00 12 C8 00 00 12 F4 00 00 12 F4 00 00 12 F4 00 00 12 F4 00 00 12 F4 00 00 12 F4
00 00 12 F4 00 00 12 F4 00 00 12 F4 00 00 12 F4 00 00 12 F4 00 00 12 F4 00 00 12 F4 00 00 12 F4
00 00 12 F4 00 00 12 F4 00 00 12 F4 00 00 12 F4 00 00 12 F4 00 00 12 F4 00 00 12 F4 00 00 12 F4
00 00 12 F4 00 00 12 F4 00 00 12 F4 00 00 12 F4 00 00 12 F4 00 00 12 F4 00 00 12 F4 00 00 12 F4
00 00 12 F4 00 00 12 F4 00 00 12 F4 00 00 12 F4 00 00 12 F4 00 00 12 F4 00 00 12 F4 00 00 12 F4
00 00 12 F4 00 00 12 F4 00 00 12 F4 00 00 12 F4 00 00 12 F4 00 00 12 F4 00 00 12 F4 00 00 12 F4
00 00 12 F4 00 00 12 F4 00 00 12 F4 00 00 12 F4 00 00 12 F4 00 00 12 F4 00 00 12 F4 00 00 12 F4
00 00 12 F4 00 00 12 F4 00 00 12 F4 00 00 12 F4 00 00 13 30 00 00 13 30 00 00 13 30 00 00 13 30
00 00 13 30 00 00 13 30 00 00 13 30 00 00 13 30 00 00 13 30 00 00 13 30 00 00 13 30 00 00 13 30
00 00 13 30 00 00 13 30 00 00 13 30 00 00 13 30 00 00 13 30 00 00 13 30 00 00 13 30 00 00 13 30
00 00 13 30 00 00 13 30 00 00 13 30 00 00 13 30 00 00 13 30 00 00 13 30 00 00 13 30 00 00 13 30
00 00 13 30 00 00 13 30 00 00 13 30 00 00 13 30 00 00 13 30 00 00 13 30 00 00 13 30 00 00 13 30
00 00 13 30 00 00 13 30 00 00 13 30 00 00 13 30 00 00 13 30 00 00 13 30 00 00 13 30 00 00 13 30
00 00 13 30 00 00 13 30 00 00 13 30 00 00 13 30 00 00 13 30 00 00 13 30 00 00 13 30 00 00 13 30
00 00 13 30 00 00 13 30 00 00 13 30 00 00 13 30 00 00 13 30 00 00 13 30 00 00 13 30 00 00 13 30
00 00 13 30 00 00 13 30 00 00 13 30 00 00 13 30 00 00 13 30 00 00 13 30 00 00 13 30 00 00 13 30
00 00 13 30 00 00 13 30 00 00 13 30 00 00 13 30 00 00 13 30 00 00 13 30 00 00 13 30 00 00 13 30
00 00 13 30 00 00 13 30 00 00 13 30 00 00 13 30 00 00 13 30 00 00 13 30 00 00 13 30 00 00 13 30
00 00 13 30 00 00 13 30 00 00 13 30 00 00 13 30 00 00 13 30 00 00 13 30 00 00 13 30 00 00 13 30
00 00 13 5C 00 00 13 64 00 00 13 64 00 00 13 90 00 00 13 98 00 00 13 98 00 00 13 C4 00 00 13 C4
00 00 13 C4 00 00 13 F0 00 00 13 F0 00 00 13 F0 00 00 14 1C 00 00 14 1C 00 00 14 1C 00 00 14 48
00 00 14 50 00 00 14 50 00 00 14 FC 00 00 15 28 00 00 15 28 00 00 15 28 00 00 15 54 00 00 15 54
00 00 15 54 00 00 15 80 00 00 15 80 00 00 15 80 00 00 15 AC 00 00 15 B4 00 00 15 B4 00 00 16 60
00 00 16 8C 00 00 16 94 00 00 16 94 00 00 17 3C 00 00 17 68 00 00 17 70 00 00 17 70 00 00 18 08
00 00 18 34 00 00 18 34 00 00 18 34 00 00 18 60 00 00 18 68 00 00 18 68 00 00 19 14 00 00 19 40
00 00 19 48 00 00 19 48 00 00 19 F0 00 00 1A 1C 00 00 1A 24 00 00 1A 24 00 00 1A BC 00 00 1A E8
00 00 1A F0 00 00 1A F0 00 00 1B 9C 00 00 1B C8 00 00 1B C8 00 00 1B C8 00 00 1B F4 00 00 1B F4
00 00 1B F4 00 00 1C 20 00 00 1C 20 00 00 1C 20 00 00 1C 4C 00 00 1C 4C 00 00 1C 4C 00 00 1C 78
00 00 1C 78 00 00 1C 78 00 00 1C A4 00 00 1C A4 00 00 1C A4 00 00 1C D0 00 00 1C D0 00 00 1C D0
00 00 1C FC 00 00 1C FC 00 00 1C FC 00 00 1D 28 00 00 1D 28 00 00 1D 28 00 00 1D 28 00 00 1D 28
00 00 1D 28 00 00 1D 54 00 00 1D 54 00 00 1D 54 00 00 1D 80 00 00 1D 80 00 00 1D 80 00 00 1D 80
00 00 1D 80 00 00 1D 80 00 00 1D 80 00 00 1D 80 00 00 1D 80 00 00 1D 80 00 00 1D 80 00 00 1D 80
00 00 1D 80 00 00 1D 80 00 00 1D 80 00 00 1D 80 00 00 1D 80 00 00 1D 80 00 00 1D 80 00 00 1D 80
00 00 1D 80 00 00 1D 80 00 00 1D 80 00 00 1D 80 00 00 1D 80 00 00 1D 80 00 00 1D 80 00 00 1D 80
00 00 1D 80 00 00 1D 80 00 00 1D 80 00 00 1D 80 00 00 1D 80 00 00 1D 80 00 00 1D 80 00 00 1D 80
00 00 1D 80 00 00 1D 80 00 00 1D 80 00 00 1D 80 00 00 1D 80 00 00 1D 80 00 00 1D 80 00 00 1D 80
00 00 1D 80 00 00 1D 80 00 00 1D 80 00 00 1D 80 00 00 1D AC 00 00 1D AC 00 00 1D AC 00 00 1D D8
00 00 1D D8 00 00 1D D8 00 00 1E 04 00 00 1E 04 00 00 1E 04 00 00 1E 30 00 00 1E 30 00 00 1E 30
00 00 1E 5C 00 00 1E 5C 00 00 1E 5C 00 00 1E 88 00 00 1E 88 00 00 1E 88 00 00 1E 88 00 00 1E 88
00 00 1E 88 00 00 1E B4 00 00 1E B4 00 00 1E B4 00 00 1E B4 00 00 1E B4 00 00 1E B4 00 00 1E E0
00 00 1E E0 00 00 1E E0 00 00 1E E0 00 00 1E E0 00 00 1E E0 00 00 1F 0C 00 00 1F 0C 00 00 1F 0C
00 00 1F 38 00 00 1F 38 00 00 1F 38 00 00 1F 38 00 00 1F 38 00 00 1F 38 00 00 1F 38 00 00 1F 38
00 00 1F 38 00 00 1F 6C 00 00 1F 6C 00 00 1F 6C 00 00 11 EA 00 00 00 14 00 00 00 54 00 0D 00 30
03 EE 03 E8 00 7E 00 02 01 36 01 00 00 02 01 66 01 00 00 30 01 80 10 00 FF 00 00 01 00 1B 00 00
01 93 00 85 00 AB 00 0F 01 0B 00 00 01 00 00 00 00 00 00 00 00 00 00 00 00 00 00 00 00 00 00 00
00 00 00 00 00 00 00 02 01 C6 01 00 00 02 01 F6 01 00 00 02 02 26 01 00 00 02 02 56 01 00 00 02
03 76 01 00 00 02 04 06 01 00 00 02 04 36 01 00 00 02 04 F6 01 00 00 02 05 26 01 00 00 02 07 96
01 00 00 80 00 06 00 32 02 82 00 19 F6 00 00 30 01 80 10 80 FF 00 00 02 00 59 00 00 01 CD 00 3C
02 58 00 0B 00 41 00 FF 11 00 00 00 00 00 00 00 00 00 00 00 00 00 00 00 00 00 00 00 00 00 00 00
00 00 00 30 02 10 10 00 FF 00 00 02 00 02 00 00 02 E2 01 8A 02 EF 00 2D 00 30 00 00 01 00 00 00
00 00 00 00 0F A0 00 00 00 00 00 00 00 00 00 00 00 00 00 00 00 00 00 02 02 B6 01 00 00 02 02 E6
01 00 00 2A 00 06 00 32 00 00 00 00 00 00 00 0C 01 8C 00 43 02 33 00 0F 00 56 00 DD 91 00 00 04
02 1C 01 80 02 D9 00 02 02 26 81 00 00 1E 00 0A 01 8C 00 48 02 0E 00 13 00 6B 00 BF 00 04 02 1C
01 75 02 C4 00 02 06 D6 01 00 00 54 00 0A 01 8C 00 4E 01 E8 00 17 00 80 00 9E 00 04 02 1C 01 6A
02 B0 00 02 02 86 01 00 00 02 03 16 01 00 00 02 03 46 01 00 00 02 03 A6 01 00 00 02 03 D6 01 00
00 02 04 66 01 00 00 02 04 96 01 00 00 02 04 C6 01 00 00 02 06 76 01 00 00 02 06 A6 01 00 00 18
00 0A 01 8C 00 55 01 C3 00 1B 00 95 00 7F 00 04 02 1C 01 5F 02 9B 00 18 00 0A 01 8C 00 5C 01 9E
00 1E 00 A9 00 5E 00 04 02 1C 01 54 02 86 00 18 00 0A 01 8C 00 63 01 79 00 22 00 BE 00 3F 00 04
02 1C 01 49 02 70 00 1E 00 0A 01 8C 00 6D 01 55 00 26 00 D3 00 1E 00 04 02 1C 01 3F 02 5B 00 02
03 16 00 00 00 44 00 02 01 80 10 00 00 0C 01 8C 00 7C 01 32 00 2A 00 E8 00 00 01 00 00 04 02 1C
01 36 02 45 00 02 05 56 01 00 00 02 05 86 01 00 00 02 05 B6 01 00 00 02 05 E6 01 00 00 02 06 16
01 00 00 02 06 46 01 00 00 24 00 04 01 8C 00 86 01 29 00 02 01 96 81 00 00 04 02 1C 01 2D 02 2F
00 02 03 16 01 00 00 02 07 C6 01 00 00 12 00 04 01 8C 00 94 01 27 00 04 02 1C 01 25 02 18 00 12
00 04 01 8C 00 A1 01 2A 00 04 02 1C 01 1F 02 02 00 12 00 04 01 8C 00 AD 01 31 00 04 02 1C 01 19
01 EB 00 1E 00 04 01 8C 00 B8 01 38 00 04 02 1C 01 14 01 D4 00 02 05 56 00 00 00 02 05 86 00 00
00 BA 00 02 01 36 00 00 00 04 01 8C 00 C3 01 41 00 02 01 C6 00 00 00 04 02 1C 01 11 01 BC 00 02
02 26 01 00 00 02 02 56 00 00 00 02 02 86 00 00 00 02 02 B6 00 00 00 02 02 E6 00 00 00 02 03 16
00 00 00 02 03 46 00 00 00 02 03 76 00 00 00 02 03 A6 00 00 00 02 03 D6 00 00 00 02 04 06 00 00
00 02 04 36 00 00 00 02 04 66 00 00 00 02 04 96 00 00 00 02 04 C6 00 00 00 02 04 F6 00 00 00 02
05 26 00 00 00 02 05 B6 00 00 00 02 05 E6 00 00 00 02 06 16 00 00 00 02 06 46 00 00 00 02 06 76
00 00 00 02 06 A6 00 00 00 02 06 D6 00 00 00 02 07 96 00 00 00 02 07 C6 00 00 00 18 00 04 01 8C
00 CD 01 4A 00 04 02 1C 01 0F 01 9C 00 02 02 26 81 00 00 10 00 04 01 8C 00 D7 01 53 00 02 02 1E
01 7C 00 46 00 30 01 50 10 08 FF 00 00 02 00 38 00 00 01 87 01 0C 00 84 00 16 01 D9 00 FF 11 00
00 00 00 00 00 00 00 00 00 00 00 00 00 00 00 00 00 00 00 00 00 00 00 00 00 04 01 8C 00 E2 01 5C
00 04 02 1C 01 10 01 5C 00 20 00 04 01 64 00 D3 91 00 00 04 01 8C 00 ED 01 64 00 02 01 96 01 00
00 04 02 1C 01 12 01 3C 00 1E 00 02 01 64 00 AA 00 04 01 8C 00 F6 01 68 00 02 01 96 81 00 00 04
02 1C 01 14 01 1C 00 1E 00 02 01 64 00 7F 00 04 01 8C 00 FC 01 6E 00 02 01 96 01 00 00 04 02 1C
01 17 00 FC 00 1E 00 02 01 64 00 54 00 04 01 8C 00 F5 01 69 00 02 01 96 81 00 00 04 02 1C 01 1B
00 DD 00 4E 00 02 01 64 00 2B 00 04 01 8C 00 ED 01 64 00 02 01 96 01 00 00 04 02 1C 01 1F 00 BD
00 02 03 A6 01 00 00 02 03 D6 01 00 00 02 04 06 01 00 00 02 04 36 01 00 00 02 04 66 01 00 00 02
04 96 01 00 00 02 04 C6 01 00 00 02 04 F6 01 00 00 24 00 04 01 64 00 00 01 00 00 02 01 96 81 00
00 02 01 C6 01 00 00 04 02 1C 01 23 00 9D 00 02 05 26 01 00 00 10 00 02 01 66 81 00 00 04 02 1C
01 27 00 7E 00 0A 00 04 02 1C 01 2B 00 5E 00 0A 00 04 02 1C 01 30 00 3E 00 34 00 04 02 1C 01 34
00 1E 00 02 05 86 01 00 00 02 05 B6 01 00 00 02 05 E6 01 00 00 02 06 16 01 00 00 02 06 46 01 00
00 02 06 76 01 00 00 02 06 A6 01 00 00 22 00 04 02 1C 01 38 FF FF 00 02 02 56 01 00 00 02 02 B6
01 00 00 02 03 16 01 00 00 02 03 46 01 00 00 16 00 04 02 1C 01 3C FF DF 00 02 02 26 01 00 00 02
07 96 01 00 00 22 00 08 02 10 00 00 00 00 00 00 00 00 00 0A 02 1A 00 00 00 00 00 00 00 00 00 00
00 02 02 2E 00 00 00 02 00 08 00 02 05 86 00 00 00 8C 00 02 01 C6 00 00 00 02 01 F6 00 00 00 02
02 26 00 00 00 02 02 56 00 00 00 02 02 B6 00 00 00 02 03 16 00 00 00 02 03 46 00 00 00 02 03 A6
00 00 00 02 03 D6 00 00 00 02 04 06 00 00 00 02 04 36 00 00 00 02 04 66 00 00 00 02 04 96 00 00
00 02 04 C6 00 00 00 02 04 F6 00 00 00 02 05 26 00 00 00 02 05 B6 00 00 00 02 05 E6 00 00 00 02
06 16 00 00 00 02 06 46 00 00 00 02 06 76 00 00 00 02 06 A6 00 00 00 02 07 96 00 00 00 02 00 02
00 0C 00 06 00 32 02 85 00 1E F6 00 00 0C 00 06 00 32 00 00 00 00 00 00 00 02 00 02 00 02 00 02
00 02 00 02 00 02 00 02 00 02 00 02 00 02 00 02 00 02 00 02 01 FA 00 08 01 50 00 00 00 00 00 00
00 00 00 0A 01 5A 00 00 00 00 00 00 00 00 00 00 00 02 01 66 01 00 00 08 01 80 00 00 00 00 00 00
00 00 00 0A 01 8A 00 00 00 00 00 00 00 00 00 00 00 02 01 96 00 00 00 30 01 B0 10 08 FF 00 00 02
00 07 00 00 02 2C 00 F1 01 50 02 23 02 DA 00 00 01 00 00 00 00 00 00 00 00 00 00 00 00 00 00 00
00 00 00 00 00 00 00 00 00 00 01 80 03 90 10 08 FF 00 00 02 00 2F 00 00 02 42 01 9E 01 FB 00 10
00 5C 00 00 01 00 00 00 00 00 00 00 00 00 00 00 00 00 00 00 00 00 00 00 00 00 00 00 00 00 10 08
FF 00 00 02 00 2D 00 00 02 45 01 82 02 6B 00 13 00 21 00 00 01 00 00 00 00 00 00 00 00 00 00 00
00 00 00 00 00 00 00 00 00 00 00 00 00 00 10 08 FF 00 00 02 00 2B 00 00 02 49 01 83 02 97 00 13
00 21 00 00 01 00 00 00 00 00 00 00 00 00 00 00 00 00 00 00 00 00 00 00 00 00 00 00 00 00 10 08
FF 00 00 02 00 2C 00 00 02 4D 01 7D 02 77 00 16 00 17 00 00 01 00 00 00 00 00 00 00 00 00 00 00
00 00 00 00 00 00 00 00 00 00 00 00 00 00 10 08 FF 00 00 02 00 30 00 00 02 51 01 7B 01 FB 00 10
00 5E 00 00 01 00 00 00 00 00 00 00 00 00 00 00 00 00 00 00 00 00 00 00 00 00 00 00 00 00 10 08
FF 00 00 02 00 34 00 00 02 54 01 A6 02 6C 00 17 00 14 00 00 01 00 00 00 00 00 00 00 00 00 00 00
00 00 00 00 00 00 00 00 00 00 00 00 00 00 10 08 FF 00 00 02 00 2B 00 00 02 58 01 A7 02 97 00 13
00 21 00 00 01 00 00 00 00 00 00 00 00 00 00 00 00 00 00 00 00 00 00 00 00 00 00 00 00 00 10 08
FF 00 00 02 00 2E 00 00 02 5C 01 A0 02 75 00 16 00 1A 00 00 01 00 00 00 00 00 00 00 00 00 00 00
00 00 00 00 00 00 00 00 00 00 00 00 00 00 00 A2 00 02 01 66 00 00 00 02 01 C6 81 00 00 02 03 90
10 88 00 02 03 A6 81 00 00 04 03 D0 00 17 00 16 00 02 03 D6 81 00 00 04 04 00 00 18 00 16 00 02
04 06 81 00 00 02 04 20 10 88 00 02 04 36 81 00 00 02 04 50 10 88 00 02 04 66 81 00 00 02 04 96
81 00 00 04 04 C0 00 18 00 16 00 02 04 C6 81 00 00 02 04 E0 10 88 00 02 04 F6 81 00 00 30 05 10
10 00 FF 00 00 02 00 64 00 00 02 60 00 3E 01 CF 00 2A 00 46 00 00 01 00 00 00 00 00 00 00 00 00
00 00 00 00 00 00 00 00 00 00 00 00 00 00 00 00 00 3C 00 30 01 E0 10 80 FF 00 00 02 00 59 00 00
02 2F 00 24 02 4F 00 23 00 C1 00 00 01 00 00 00 00 00 00 00 00 00 00 00 00 00 00 00 00 00 00 00
00 00 00 00 00 00 00 02 05 26 81 00 00 08 00 02 01 F6 81 00 00 02 01 8A 00 30 02 10 10 24 FF 00
00 02 00 09 00 00 02 32 01 B6 01 F7 00 11 00 9D 00 00 01 00 00 00 00 00 00 00 00 00 00 00 00 00
00 00 00 00 00 00 00 00 00 00 00 00 01 50 05 70 10 08 FF 00 00 02 00 1F 00 00 02 64 00 81 00 5E
00 98 00 41 00 00 01 00 00 00 00 00 00 00 00 00 00 00 00 00 00 00 00 00 00 00 00 00 00 00 00 00
10 08 FF 00 00 02 00 25 00 00 02 67 00 84 00 9F 00 95 00 25 00 00 01 00 00 00 00 00 00 00 00 00
00 00 00 00 00 00 00 00 00 00 00 00 00 00 00 00 10 08 FF 00 00 02 00 27 00 00 02 6A 00 32 00 5B
00 3A 00 8A 00 00 01 00 00 00 00 00 00 00 00 00 00 00 00 00 00 00 00 00 00 00 00 00 00 00 00 00
10 08 FF 00 00 02 00 29 00 00 02 6D 00 71 00 5E 00 0E 00 7F 00 00 01 00 00 00 00 00 00 00 00 00
00 00 00 00 00 00 00 00 00 00 00 00 00 00 00 00 10 08 FF 00 00 02 00 28 00 00 02 70 01 29 00 5E
00 0E 00 8F 00 00 01 00 00 00 00 00 00 00 00 00 00 00 00 00 00 00 00 00 00 00 00 00 00 00 00 00
10 08 FF 00 00 02 00 31 00 00 02 73 01 39 00 5F 00 47 00 45 00 00 01 00 00 00 00 00 00 00 00 00
00 00 00 00 00 00 00 00 00 00 00 00 00 00 00 00 10 08 FF 00 00 02 00 32 00 00 02 76 01 39 00 97
00 47 00 2D 00 00 01 00 00 00 00 00 00 00 00 00 00 00 00 00 00 00 00 00 00 00 00 00 00 00 00 00
01 46 00 04 00 00 00 01 00 01 00 02 00 06 02 29 00 06 00 32 02 7C 00 1E F6 00 00 02 02 10 10 A4
00 02 02 26 81 00 00 30 02 40 10 08 FF 00 00 02 00 1C 00 00 02 35 00 5C 01 B9 00 A8 00 BF 00 00
01 00 00 00 00 00 00 00 00 00 00 00 00 00 00 00 00 00 00 00 00 00 00 00 00 00 00 30 02 A0 10 00
FF 00 00 02 00 33 00 00 02 38 01 57 02 07 00 2D 00 2F 00 00 01 00 00 00 00 00 00 00 00 00 00 00
00 00 00 00 00 00 00 00 00 00 00 00 00 00 00 60 03 00 10 08 FF 00 00 02 00 21 00 00 02 3C 01 4E
01 F1 00 11 00 2B 00 00 01 00 00 00 00 00 00 00 00 00 00 00 00 00 00 00 00 00 00 00 00 00 00 00
00 00 10 08 FF 00 00 02 00 1B 00 00 02 3F 00 94 01 E6 00 2B 00 63 00 00 01 00 00 00 00 00 00 00
00 00 00 00 00 00 00 00 00 00 00 00 00 00 00 00 00 00 00 02 05 70 10 88 00 02 05 86 81 00 00 02
05 A0 10 88 00 02 05 B6 81 00 00 02 05 D0 10 88 00 02 05 E6 81 00 00 02 06 00 10 88 00 02 06 16
81 00 00 02 06 30 10 88 00 02 06 46 81 00 00 02 06 60 10 88 00 02 06 76 81 00 00 02 06 90 10 88
00 02 06 A6 81 00 00 78 00 04 00 00 00 00 00 00 00 02 00 06 00 00 00 06 00 32 00 00 00 00 00 00
00 02 02 40 10 88 00 02 02 56 81 00 00 02 02 B6 81 00 00 02 03 00 10 88 00 02 03 16 81 00 00 02
03 30 10 88 00 02 03 46 81 00 00 30 07 80 10 00 FF 00 00 02 00 35 00 00 02 79 00 EE 01 43 00 6B
01 A7 00 00 01 00 00 00 00 00 00 00 00 00 00 00 00 00 00 00 00 00 00 00 00 00 00 00 00 00 00 10
00 04 07 90 00 7B 01 A2 00 02 07 96 81 00 00 08 00 02 01 36 01 00 00 28 00 02 01 96 01 00 00 08
05 70 00 00 00 00 00 00 00 00 00 0A 05 7A 00 00 00 00 00 00 00 00 00 00 00 02 05 86 00 00 02 E8
00 02 01 36 00 00 00 08 01 B0 00 00 00 00 00 00 00 00 00 0A 01 BA 00 00 00 00 00 00 00 00 00 00
00 02 01 C6 00 00 00 08 01 E0 00 00 00 00 00 00 00 00 00 0A 01 EA 00 00 00 00 00 00 00 00 00 00
00 02 01 F6 00 00 00 08 02 10 00 00 00 00 00 00 00 00 00 0A 02 1A 00 00 00 00 00 00 00 00 00 00
00 02 02 26 00 00 00 08 02 40 00 00 00 00 00 00 00 00 00 0A 02 4A 00 00 00 00 00 00 00 00 00 00
00 02 02 56 00 00 00 08 02 A0 00 00 00 00 00 00 00 00 00 0A 02 AA 00 00 00 00 00 00 00 00 00 00
00 02 02 B6 00 00 00 08 03 00 00 00 00 00 00 00 00 00 00 0A 03 0A 00 00 00 00 00 00 00 00 00 00
00 02 03 16 00 00 00 08 03 30 00 00 00 00 00 00 00 00 00 0A 03 3A 00 00 00 00 00 00 00 00 00 00
00 02 03 46 00 00 00 08 03 90 00 00 00 00 00 00 00 00 00 0A 03 9A 00 00 00 00 00 00 00 00 00 00
00 02 03 A6 00 00 00 08 03 C0 00 00 00 00 00 00 00 00 00 0A 03 CA 00 00 00 00 00 00 00 00 00 00
00 02 03 D6 00 00 00 08 03 F0 00 00 00 00 00 00 00 00 00 0A 03 FA 00 00 00 00 00 00 00 00 00 00
00 02 04 06 00 00 00 08 04 20 00 00 00 00 00 00 00 00 00 0A 04 2A 00 00 00 00 00 00 00 00 00 00
00 02 04 36 00 00 00 08 04 50 00 00 00 00 00 00 00 00 00 0A 04 5A 00 00 00 00 00 00 00 00 00 00
00 02 04 66 00 00 00 08 04 80 00 00 00 00 00 00 00 00 00 0A 04 8A 00 00 00 00 00 00 00 00 00 00
00 02 04 96 00 00 00 08 04 B0 00 00 00 00 00 00 00 00 00 0A 04 BA 00 00 00 00 00 00 00 00 00 00
00 02 04 C6 00 00 00 08 04 E0 00 00 00 00 00 00 00 00 00 0A 04 EA 00 00 00 00 00 00 00 00 00 00
00 02 04 F6 00 00 00 08 05 10 00 00 00 00 00 00 00 00 00 0A 05 1A 00 00 00 00 00 00 00 00 00 00
00 02 05 26 00 00 00 08 05 A0 00 00 00 00 00 00 00 00 00 0A 05 AA 00 00 00 00 00 00 00 00 00 00
00 02 05 B6 00 00 00 08 05 D0 00 00 00 00 00 00 00 00 00 0A 05 DA 00 00 00 00 00 00 00 00 00 00
00 02 05 E6 00 00 00 08 06 00 00 00 00 00 00 00 00 00 00 0A 06 0A 00 00 00 00 00 00 00 00 00 00
00 02 06 16 00 00 00 08 06 30 00 00 00 00 00 00 00 00 00 0A 06 3A 00 00 00 00 00 00 00 00 00 00
00 02 06 46 00 00 00 08 06 60 00 00 00 00 00 00 00 00 00 0A 06 6A 00 00 00 00 00 00 00 00 00 00
00 02 06 76 00 00 00 08 06 90 00 00 00 00 00 00 00 00 00 0A 06 9A 00 00 00 00 00 00 00 00 00 00
00 02 06 A6 00 00 00 08 07 80 00 00 00 00 00 00 00 00 00 0A 07 8A 00 00 00 00 00 00 00 00 00 00
00 02 07 96 00 00 00 02 00 02 00 02 00 02 00 08 00 02 01 96 00 00 00 02 00 02 00 02 00 02 00 36
00 30 01 80 10 00 FF 00 00 02 00 50 00 00 02 B5 00 F0 01 5E 00 2D 00 30 00 00 01 00 00 00 00 00
00 00 00 00 00 00 00 00 00 00 00 00 00 00 00 00 00 00 00 00 00 36 00 30 01 80 10 00 FF 00 00 02
00 51 00 00 02 B8 00 F0 01 5E 00 2D 00 30 00 00 01 00 00 00 00 00 00 00 00 00 00 00 00 00 00 00
00 00 00 00 00 00 00 00 00 00 00 36 00 30 01 80 10 00 FF 00 00 02 00 52 00 00 02 BB 00 F0 01 5E
00 2D 00 30 00 00 01 00 00 00 00 00 00 00 00 00 00 00 00 00 00 00 00 00 00 00 00 00 00 00 00 00
00 36 00 30 01 80 10 00 FF 00 00 02 00 53 00 00 02 BE 00 F0 01 5E 00 2D 00 30 00 00 01 00 00 00
00 00 00 00 00 00 00 00 00 00 00 00 00 00 00 00 00 00 00 00 00 00 00 36 00 30 01 80 10 00 FF 00
00 02 00 54 00 00 02 C1 00 F0 01 5E 00 2D 00 30 00 00 01 00 00 00 00 00 00 00 00 00 00 00 00 00
00 00 00 00 00 00 00 00 00 00 00 00 00 36 00 30 01 80 10 00 FF 00 00 02 00 55 00 00 02 C4 00 F0
01 5E 00 2D 00 30 00 00 01 00 00 00 00 00 00 00 00 00 00 00 00 00 00 00 00 00 00 00 00 00 00 00
00 00 00 36 00 30 01 80 10 00 FF 00 00 02 00 54 00 00 02 CA 00 F0 01 5E 00 2D 00 30 00 00 01 00
00 00 00 00 00 00 00 00 00 00 00 00 00 00 00 00 00 00 00 00 00 00 00 00 00 36 00 30 01 80 10 00
FF 00 00 02 00 53 00 00 02 D0 00 F0 01 5E 00 2D 00 30 00 00 01 00 00 00 00 00 00 00 00 00 00 00
00 00 00 00 00 00 00 00 00 00 00 00 00 00 00 36 00 30 01 80 10 00 FF 00 00 02 00 52 00 00 02 D6
00 F0 01 5E 00 2D 00 30 00 00 01 00 00 00 00 00 00 00 00 00 00 00 00 00 00 00 00 00 00 00 00 00
00 00 00 00 00 36 00 30 01 80 10 00 FF 00 00 02 00 51 00 00 02 D9 00 F0 01 5E 00 2D 00 30 00 00
01 00 00 00 00 00 00 00 00 00 00 00 00 00 00 00 00 00 00 00 00 00 00 00 00 00 00 00 00 00 00 2A
00 00 01 93 00 00 02 82 00 00 01 CD 00 00 02 E2 00 00 01 87 00 00 02 85 00 00 02 2C 00 00 02 42
00 00 02 45 00 00 02 49 00 00 02 4D 00 00 02 51 00 00 02 54 00 00 02 58 00 00 02 5C 00 00 02 60
00 00 02 2F 00 00 02 32 00 00 02 64 00 00 02 67 00 00 02 6A 00 00 02 6D 00 00 02 70 00 00 02 73
00 00 02 76 00 00 02 7C 00 00 02 29 00 00 02 35 00 00 02 38 00 00 02 3C 00 00 02 3F 00 00 02 79
00 00 02 B5 00 00 02 B8 00 00 02 BB 00 00 02 BE 00 00 02 C1 00 00 02 C4 00 00 02 CA 00 00 02 D0
00 00 02 D6 00 00 02 D9 00 00 00 13 00 00 00 35 00 00 00 00 00 00 00 00 00 00 00 07 00 01 00 00
00 0F E1 FD 00 00 00 00 00 00 00 00 00 00 00 00 00 00 00 00 00 00 00 06 00 00 00 01 00 00 00 01
00 00 00 00 00 00 00 00 00 00 00 08 00 01 00 00 00 0F E1 FD 00 00 00 00 00 00 00 00 00 00 00 00
00 00 00 00 00 00 00 02 00 00 00 35 00 00 00 00 00 00 00 00 00 00 00 08 00 01 00 00 00 0F E1 FD
00 00 00 00 00 00 00 00 00 00 00 00 00 00 00 00 00 00 00 08 00 00 00 12 00 00 00 14 00 00 00 16
00 00 00 3C 00 00 00 3C 00 00 00 00 00 00 00 00 00 00 00 00 00 01 00 00 00 0F E1 FD 00 00 00 00
00 00 00 00 00 00 00 00 00 00 00 00 00 01 00 01 00 00 00 00 00 00 00 36 00 00 00 40 00 00 00 00
00 00 00 00 00 00 00 09 00 01 00 00 00 0F E1 FD 00 00 00 00 00 00 00 00 00 00 00 00 00 00 00 00
00 01 00 02 00 00 00 00 00 00 00 38 00 00 00 40 00 00 00 00 00 00 00 00 00 00 00 0A 00 01 00 00
00 0F E1 FD 00 00 00 00 00 00 00 00 00 00 00 00 00 00 00 00 00 00 00 3B 00 00 00 40 00 00 00 00
00 00 00 00 00 00 00 0B 00 01 00 00 00 0F E1 FD 00 00 00 00 00 00 00 00 00 00 00 00 00 00 00 00
00 00 00 3C 00 00 00 40 00 00 00 00 00 00 00 00 00 00 00 0C 00 01 00 00 00 0F E1 FD 00 00 00 00
00 00 00 00 00 00 00 00 00 00 00 00 00 00 00 3C 00 00 00 40 00 00 00 00 00 00 00 00 00 00 00 0E
00 01 00 00 00 0F E1 FD 00 00 00 00 00 00 00 00 00 00 00 00 00 00 00 00 00 01 00 17 00 00 02 3B
5B 23 6D 79 46 75 6E 63 74 69 6F 6E 3A 20 23 4E 65 77 47 61 6D 65 2C 20 23 6D 79 53 70 72 69 74
65 4E 75 6D 3A 20 34 2C 20 23 6D 79 56 61 72 31 3A 20 30 2C 20 23 6D 79 56 61 72 32 3A 20 30 2C
20 23 6D 79 45 6E 61 62 6C 65 4D 6F 75 73 65 43 6C 69 63 6B 3A 20 31 2C 20 23 6D 79 45 6E 61 62
6C 65 4D 6F 75 73 65 52 6F 6C 6C 4F 76 65 72 3A 20 30 2C 20 23 6D 79 52 6F 6C 6C 4F 76 65 72 4D
65 6D 62 65 72 3A 20 22 2D 31 22 2C 20 23 6D 79 52 6F 6C 6C 4F 76 65 72 4D 65 6D 62 65 72 43 61
73 74 4C 69 62 3A 20 30 5D 00 00 00 00 00 00 3C 00 00 00 40 00 00 00 00 00 00 00 00 00 00 00 10
00 01 00 00 00 0F E1 FD 00 00 00 00 00 00 00 00 00 00 00 00 00 00 00 00 00 00 00 3C 00 00 00 40
00 00 00 00 00 00 00 00 00 00 00 11 00 01 00 00 00 0F E1 FD 00 00 00 00 00 00 00 00 00 00 00 00
00 00 00 00 00 00 00 36 00 00 00 40 00 00 00 00 00 00 00 00 00 00 00 13 00 01 00 00 00 0F E1 FD
00 00 00 00 00 00 00 00 00 00 00 00 00 00 00 00 00 00 00 36 00 00 00 40 00 00 00 00 00 00 00 00
00 00 00 14 00 01 00 00 00 0F E1 FD 00 00 00 00 00 00 00 00 00 00 00 00 00 00 00 00 00 01 00 17
00 00 02 48 5B 23 6D 79 46 75 6E 63 74 69 6F 6E 3A 20 23 44 65 6C 65 74 65 65 2C 20 23 6D 79 53
70 72 69 74 65 4E 75 6D 3A 20 31 37 2C 20 23 6D 79 56 61 72 31 3A 20 30 2C 20 23 6D 79 56 61 72
32 3A 20 30 2C 20 23 6D 79 45 6E 61 62 6C 65 4D 6F 75 73 65 43 6C 69 63 6B 3A 20 31 2C 20 23 6D
79 45 6E 61 62 6C 65 4D 6F 75 73 65 52 6F 6C 6C 4F 76 65 72 3A 20 31 2C 20 23 6D 79 52 6F 6C 6C
4F 76 65 72 4D 65 6D 62 65 72 3A 20 22 2D 31 22 2C 20 23 6D 79 52 6F 6C 6C 4F 76 65 72 4D 65 6D
62 65 72 43 61 73 74 4C 69 62 3A 20 30 5D 00 00 00 00 00 36 00 00 00 40 00 00 00 00 00 00 00 00
00 00 00 15 00 01 00 00 00 0F E1 FD 00 00 00 00 00 00 00 00 00 00 00 00 00 00 00 00 00 01 00 17
00 00 02 4C 5B 23 6D 79 46 75 6E 63 74 69 6F 6E 3A 20 23 41 64 64 64 2C 20 23 6D 79 53 70 72 69
74 65 4E 75 6D 3A 20 31 37 2C 20 23 6D 79 56 61 72 31 3A 20 30 2C 20 23 6D 79 56 61 72 32 3A 20
30 2C 20 23 6D 79 45 6E 61 62 6C 65 4D 6F 75 73 65 43 6C 69 63 6B 3A 20 31 2C 20 23 6D 79 45 6E
61 62 6C 65 4D 6F 75 73 65 52 6F 6C 6C 4F 76 65 72 3A 20 31 2C 20 23 6D 79 52 6F 6C 6C 4F 76 65
72 4D 65 6D 62 65 72 3A 20 22 2D 31 22 2C 20 23 6D 79 52 6F 6C 6C 4F 76 65 72 4D 65 6D 62 65 72
43 61 73 74 4C 69 62 3A 20 30 5D 00 00 00 00 36 00 00 00 40 00 00 00 00 00 00 00 00 00 00 00 16
00 01 00 00 00 0F E1 FD 00 00 00 00 00 00 00 00 00 00 00 00 00 00 00 00 00 01 00 18 00 00 02 50
5B 23 6D 79 4D 69 6E 3A 20 30 2C 20 23 6D 79 4D 61 78 3A 20 31 35 2C 20 23 6D 79 56 61 6C 75 65
3A 20 2D 31 2C 20 23 6D 79 53 74 65 70 3A 20 31 2C 20 23 6D 79 44 61 74 61 4E 61 6D 65 3A 20 22
53 74 61 72 74 4C 65 76 65 6C 22 2C 20 23 6D 79 44 61 74 61 53 70 72 69 74 65 4E 75 6D 3A 20 31
2C 20 23 6D 79 57 61 69 74 62 65 66 6F 72 65 45 78 65 63 75 74 65 3A 20 32 30 30 2C 20 23 6D 79
46 75 6E 63 74 69 6F 6E 3A 20 22 53 65 6E 64 44 61 74 61 22 5D 00 00 00 00 00 00 36 00 00 00 40
00 00 00 00 00 00 00 00 00 00 00 17 00 01 00 00 00 0F E1 FD 00 00 00 00 00 00 00 00 00 00 00 00
00 00 00 00 00 00 00 36 00 00 00 40 00 00 00 00 00 00 00 00 00 00 00 18 00 01 00 00 00 0F E1 FD
00 00 00 00 00 00 00 00 00 00 00 00 00 00 00 00 00 01 00 17 00 00 02 57 5B 23 6D 79 46 75 6E 63
74 69 6F 6E 3A 20 23 44 65 6C 65 74 65 65 2C 20 23 6D 79 53 70 72 69 74 65 4E 75 6D 3A 20 32 31
2C 20 23 6D 79 56 61 72 31 3A 20 30 2C 20 23 6D 79 56 61 72 32 3A 20 30 2C 20 23 6D 79 45 6E 61
62 6C 65 4D 6F 75 73 65 43 6C 69 63 6B 3A 20 31 2C 20 23 6D 79 45 6E 61 62 6C 65 4D 6F 75 73 65
52 6F 6C 6C 4F 76 65 72 3A 20 31 2C 20 23 6D 79 52 6F 6C 6C 4F 76 65 72 4D 65 6D 62 65 72 3A 20
22 2D 31 22 2C 20 23 6D 79 52 6F 6C 6C 4F 76 65 72 4D 65 6D 62 65 72 43 61 73 74 4C 69 62 3A 20
30 5D 00 00 00 00 00 36 00 00 00 40 00 00 00 00 00 00 00 00 00 00 00 19 00 01 00 00 00 0F E1 FD
00 00 00 00 00 00 00 00 00 00 00 00 00 00 00 00 00 01 00 17 00 00 02 5B 5B 23 6D 79 46 75 6E 63
74 69 6F 6E 3A 20 23 41 64 64 64 2C 20 23 6D 79 53 70 72 69 74 65 4E 75 6D 3A 20 32 31 2C 20 23
6D 79 56 61 72 31 3A 20 30 2C 20 23 6D 79 56 61 72 32 3A 20 30 2C 20 23 6D 79 45 6E 61 62 6C 65
4D 6F 75 73 65 43 6C 69 63 6B 3A 20 31 2C 20 23 6D 79 45 6E 61 62 6C 65 4D 6F 75 73 65 52 6F 6C
6C 4F 76 65 72 3A 20 31 2C 20 23 6D 79 52 6F 6C 6C 4F 76 65 72 4D 65 6D 62 65 72 3A 20 22 2D 31
22 2C 20 23 6D 79 52 6F 6C 6C 4F 76 65 72 4D 65 6D 62 65 72 43 61 73 74 4C 69 62 3A 20 30 5D 00
00 00 00 36 00 00 00 40 00 00 00 00 00 00 00 00 00 00 00 1A 00 01 00 00 00 0F E1 FD 00 00 00 00
00 00 00 00 00 00 00 00 00 00 00 00 00 01 00 18 00 00 02 5F 5B 23 6D 79 4D 69 6E 3A 20 30 2C 20
23 6D 79 4D 61 78 3A 20 31 30 2C 20 23 6D 79 56 61 6C 75 65 3A 20 2D 31 2C 20 23 6D 79 53 74 65
70 3A 20 31 2C 20 23 6D 79 44 61 74 61 4E 61 6D 65 3A 20 22 53 74 61 72 74 4C 69 6E 65 73 22 2C
20 23 6D 79 44 61 74 61 53 70 72 69 74 65 4E 75 6D 3A 20 31 2C 20 23 6D 79 46 75 6E 63 74 69 6F
6E 3A 20 22 53 65 6E 64 44 61 74 61 22 2C 20 23 6D 79 57 61 69 74 62 65 66 6F 72 65 45 78 65 63
75 74 65 3A 20 32 30 30 5D 00 00 00 00 00 00 37 00 00 00 40 00 00 00 00 00 00 00 00 00 00 00 1B
00 01 00 00 00 0F E1 FD 00 00 00 00 00 00 00 00 00 00 00 00 00 00 00 00 00 01 00 0F 00 00 02 63
5B 23 6D 79 53 74 61 72 74 4D 65 6D 62 65 72 6E 75 6D 3A 20 31 30 30 2C 20 23 6D 79 45 6E 64 4D
65 6D 62 65 72 6E 75 6D 3A 20 31 34 30 2C 20 23 6D 79 56 61 6C 75 65 3A 20 31 30 30 2C 20 23 6D
79 53 74 65 70 3A 20 31 2C 20 23 6D 79 44 61 74 61 53 70 72 69 74 65 4E 75 6D 3A 20 31 2C 20 23
6D 79 44 61 74 61 4E 61 6D 65 3A 20 31 2C 20 23 6D 79 57 61 69 74 62 65 66 6F 72 65 45 78 65 63
75 74 65 3A 20 30 2C 20 23 6D 79 46 75 6E 63 74 69 6F 6E 3A 20 37 30 2C 20 23 6D 79 53 6C 6F 77
44 6F 77 6E 3A 20 32 5D 00 00 00 00 00 00 00 3B 00 00 00 3F 00 00 00 00 00 00 00 00 00 00 00 1D
00 01 00 00 00 0F E1 FD 00 00 00 00 00 00 00 00 00 00 00 00 00 00 00 00 00 00 00 3B 00 00 00 40
00 00 00 00 00 00 00 00 00 00 00 1E 00 01 00 00 00 0F E1 FD 00 00 00 00 00 00 00 00 00 00 00 00
00 00 00 00 00 00 00 3B 00 00 00 40 00 00 00 00 00 00 00 00 00 00 00 1F 00 01 00 00 00 0F E1 FD
00 00 00 00 00 00 00 00 00 00 00 00 00 00 00 00 00 00 00 3B 00 00 00 40 00 00 00 00 00 00 00 00
00 00 00 20 00 01 00 00 00 0F E1 FD 00 00 00 00 00 00 00 00 00 00 00 00 00 00 00 00 00 00 00 3B
00 00 00 40 00 00 00 00 00 00 00 00 00 00 00 21 00 01 00 00 00 0F E1 FD 00 00 00 00 00 00 00 00
00 00 00 00 00 00 00 00 00 00 00 3B 00 00 00 40 00 00 00 00 00 00 00 00 00 00 00 22 00 01 00 00
00 0F E1 FD 00 00 00 00 00 00 00 00 00 00 00 00 00 00 00 00 00 00 00 3B 00 00 00 40 00 00 00 00
00 00 00 00 00 00 00 23 00 01 00 00 00 0F E1 FD 00 00 00 00 00 00 00 00 00 00 00 00 00 00 00 00
00 00 00 3D 00 00 00 40 00 00 00 00 00 00 00 00 00 00 00 28 00 01 00 00 00 0F E1 FD 00 00 00 00
00 00 00 00 00 00 00 00 00 00 00 00 00 00 00 3C 00 00 00 3C 00 00 00 00 00 00 00 00 00 00 00 01
00 01 00 00 00 0F E1 FD 00 00 00 00 00 00 00 00 00 00 00 00 00 00 00 00 00 00 00 02 00 00 00 02
00 00 00 00 00 00 00 00 00 00 00 01 00 01 00 00 00 0F E1 FD 00 00 00 00 00 00 00 00 00 00 00 00
00 00 00 00 00 00 00 26 00 00 00 26 00 00 00 00 00 00 00 00 00 00 00 01 00 01 00 00 00 0F E1 FD
00 00 00 00 00 00 00 00 00 00 00 00 00 00 00 00 00 00 00 4B 00 00 00 4B 00 00 00 00 00 00 00 00
00 00 00 08 00 01 00 00 00 0F E1 FD 00 00 00 00 00 00 00 00 00 00 00 00 00 00 00 00 00 00 00 4C
00 00 00 4C 00 00 00 00 00 00 00 00 00 00 00 08 00 01 00 00 00 0F E1 FD 00 00 00 00 00 00 00 00
00 00 00 00 00 00 00 00 00 00 00 4D 00 00 00 4D 00 00 00 00 00 00 00 00 00 00 00 08 00 01 00 00
00 0F E1 FD 00 00 00 00 00 00 00 00 00 00 00 00 00 00 00 00 00 00 00 4E 00 00 00 4E 00 00 00 00
00 00 00 00 00 00 00 08 00 01 00 00 00 0F E1 FD 00 00 00 00 00 00 00 00 00 00 00 00 00 00 00 00
00 00 00 4F 00 00 00 4F 00 00 00 00 00 00 00 00 00 00 00 08 00 01 00 00 00 0F E1 FD 00 00 00 00
00 00 00 00 00 00 00 00 00 00 00 00 00 00 00 50 00 00 00 50 00 00 00 00 00 00 00 00 00 00 00 08
00 01 00 00 00 0F E1 FD 00 00 00 00 00 00 00 00 00 00 00 00 00 00 00 00 00 00 00 51 00 00 00 51
00 00 00 00 00 00 00 00 00 00 00 08 00 01 00 00 00 0F E1 FD 00 00 00 00 00 00 00 00 00 00 00 00
00 00 00 00 00 00 00 52 00 00 00 52 00 00 00 00 00 00 00 00 00 00 00 08 00 01 00 00 00 0F E1 FD
00 00 00 00 00 00 00 00 00 00 00 00 00 00 00 00 00 00 00 53 00 00 00 53 00 00 00 00 00 00 00 00
00 00 00 08 00 01 00 00 00 0F E1 FD 00 00 00 00 00 00 00 00 00 00 00 00 00 00 00 00 00 00 00 54
00 00 00 54 00 00 00 00 00 00 00 00 00 00 00 08 00 01 00 00 00 0F E1 FD 00 00 00 00 00 00 00 00
00 00 00 00 00 00 00 00 00 00 00 02 00 00 00 1F 00 00 00 00 00 00 00 00 00 00 00 0B 00 01 00 00
00 0F E1 FD 00 00 00 00 00 00 00 00 00 00 00 00 00 00 00 00 00 00 00 0E 00 00 00 1D
